23217 11/26/1995 1 Physics 0 0 71.41 224.02 75.2 81.54 66.66 85.38 In 5 5
23889 11/18/1995 1 communication 0 1 70.29 175.49 81.74 86.41 66.21 76.24 In 9 8
25382 10/31/1995 1 Biology 0 1 71.72 164.17 87.54 84.77 69.78 78.52 In 5 3
25701 10/27/1995 1 Chemistry 1 0 62.36 163.99 83.97 85.85 57.74 83.65 In 6 11
30056 09/04/1995 1 Physics 0 1 72.17 175.91 81.35 73.57 67.89 69.86 In 7 4
30164 09/03/1995 1 Chemistry 0 0 69.58 183.92 71.07 86.6 63.45 75.72 In 7 5
31227 8/20/1995 1 Art 1 0 68.38 149.67 82.28 81.25 61.78 78.66 In 10 5
38134 5/29/1995 1 zoology 0 1 64.9 194.61 84.95 81.01 62.08 71.21 In 6 5
38528 5/24/1995 1 Biology 1 0 62.42 127.89 85.24 82.77 82.14 83.03 Out 2 5
38775 5/21/1995 1 Finance 0 1 70.58 152.7 79.64 68.83 47.62 77.11 In 5 5
38980 5/19/1995 1 biotechnology 0 0 74.92 165.06 88.44 84.15 78.38 69.52 In 6 5
39006 5/17/1995 1 Theater 1 1 67.56 151.53 89.49 86.13 65.3 84.68 In 4 10
40161 05/03/1995 1 Math 1 0 61.22 197.51 87.87 91.89 77.23 86.6 Out 10 1
41288 4/22/1995 1 Engineer 0 0 69.63 176.11 79.48 101.59 73.49 71.67 Out 5 1
41254 4/20/1995 1 Theater 1 0 56.54 129.98 85.53 76.35 55.19 84.97 Out 4 15
42023 04/10/1995 1 Math 1 0 63.63 126.63 72.31 89.03 78.04 72.55 Out 8 1
42630 04/05/1995 1 Chemistry 0 0 84.41 350.07 71.29 83.84 68.85 76.56 In 2 4
42850 04/02/1995 1 communication 0 0 62.84 115.98 60.96 69.87 58.97 71.56 In 1 4
42769 04/01/1995 1 psychology 1 0 60.15 141.98 75.07 72.17 49.4 75.89 In 8 2
44413 03/12/1995 1 music 1 0 69.43 207.72 86.85 91.25 76.93 84.01 In 5 9
46221 2/20/1995 1 history 0 1 66.29 153.8 82.49 82.01 62.99 75.64 In 3 6
47050 02/06/1995 1 psychology 1 0 62.89 158.85 84.3 78.72 72.52 80.03 In 3 12
48361 1/25/1995 1 sport 0 0 83.73 206.55 95.23 76.72 69.7 82.44 In 5 6
49213 1/16/1995 1 Geography 0 1 74.32 164.91 89.3 90.92 66.46 82.21 In 2 6
49326 1/14/1995 1 art 0 0 72.85 194.74 69.48 79.78 54.69 69.38 In 5 6
49155 1/13/1995 1 English 1 0 62.2 186.84 77.17 55.11 40.38 80.62 In 8 3
20615 12/28/1994 1 art 1 0 66.4 167.57 85.44 85.49 69.92 84.34 In 7 6
21492 12/17/1994 1 Art 1 1 63.88 161.63 81.83 74.06 71.23 82.36 In 5 4
23767 11/20/1994 1 English 0 1 66.82 166.55 77.42 79.14 60.06 76.25 In 4 11
23937 11/17/1994 1 Theater 1 0 62.59 139.85 83.79 87.48 57.57 81.66 In 4 8
24153 11/15/1994 1 Spanish 1 0 62.12 106.48 81 70.87 48.06 88.89 Out 7 4
24202 11/14/1994 1 sport 1 0 57.4 164.53 79 78.47 59.89 79.02 Out 8 4
26707 10/15/1994 1 Math 0 0 77.91 172.53 83.82 87.67 70.43 74.04 Out 5 3
27539 10/04/1994 1 art 1 0 74.57 266.78 85.43 87.7 70.57 77.46 In 11 1
49947 09/12/1994 1 business 1 1 68.32 160.54 71.12 56.53 55.43 73.56 In 7 9
36173 6/21/1994 1 art 1 1 68.37 171.67 76.98 69.59 66.05 71.83 In 5 4
38365 5/27/1994 1 philosophy 0 1 66.41 175.2 77.09 79.08 60.93 76.27 Out 10 5
39281 5/15/1994 1 art 0 1 72.09 184.58 87.89 93.3 70.65 75.39 In 4 4
42681 04/04/1994 1 physics 0 1 67.58 192.06 69.96 78.19 68.17 78.57 In 7 13
42914 3/30/1994 1 statistics 1 1 69.92 190.62 85.06 80.56 69.25 85.2 Out 4 10
43610 3/23/1994 1 art 1 0 69.7 216.06 79.61 78.38 45.79 77.91 In 3 6
45104 03/05/1994 1 statistics 0 0 65.29 167.51 80.64 82.78 60.13 86.08 Out 6 1
45559 2/28/1994 1 Spanish 0 0 67.32 216.58 76.55 74.41 64.2 71.37 In 7 4
46109 2/21/1994 1 math 0 0 61.16 132.78 90.8 77.92 65.46 75.46 In 12 3
46808 02/12/1994 1 art 0 0 71.79 155.62 90.18 81.7 80.51 75.58 In 7 6
46968 02/10/1994 1 English 1 1 69.55 160.06 88.85 78.56 54.49 85.91 In 7 5
48216 1/26/1994 1 business 0 1 71.21 170.94 94.33 76.88 74.19 79.99 In 8 4
34019 7/18/1993 1 statistics 0 0 64.66 253.22 86.16 94.94 68.78 71.93 Out 10 5
34705 07/10/1993 1 english 0 0 74.58 269.38 82.95 63.56 57.54 75.98 In 1 7
34595 07/10/1993 1 Engineer 1 1 65.64 151.96 93.78 83.49 66.03 77.69 Out 6 4
36109 6/22/1993 1 history 1 1 69.66 168.23 82.92 81.07 64.33 81.49 Out 5 4
36524 6/18/1993 1 nursing 0 1 74.27 167.12 75.05 71.04 54.73 72.09 In 5 2
38091 5/29/1993 1 spanish 0 1 78.68 238.64 67.03 68.43 64.06 68.87 In 5 8
40408 05/02/1993 1 math 0 0 73.9 181.27 75.66 81.97 60.76 75.2 In 8 8
44752 03/07/1993 1 Physics 1 0 71.1 150.07 85.36 90.18 60.03 85.15 In 3 1
48309 1/24/1993 1 nursing 1 0 65.62 123.84 80.59 94.7 74.54 84.25 In 10 4
48509 1/24/1993 1 business 0 1 66.27 119.07 79.81 77.98 65.48 83.37 In 6 5
31793 8/13/1992 1 psychology 1 0 57.84 155.57 94.74 96.24 69.93 88.19 In 4 4
34176 7/17/1992 1 Geography 0 1 69.7 173.56 65.26 77.09 56.32 72.51 Out 4 5
21606 12/17/1990 1 english 1 1 68.4 159.92 83.33 94.15 67.51 74.97 In 2 6
35350 07/01/1995 2 zoology 1 0 56.36 126.47 87.33 67.42 53.17 87.05 Out 7 3
36655 6/16/1995 2 statistics 0 1 64.39 194.98 81.9 81.98 73.83 73.72 In 8 6
25221 11/02/1994 2 history 0 1 67.31 206.56 73.12 87.62 63.49 69.56 In 6 2
26961 10/11/1994 2 biotechnology 1 0 60.51 134.85 83.45 90.41 60.94 76.85 In 5 4
27435 10/05/1994 2 business 1 0 62.32 186.5 83.83 94.87 73.25 81.85 In 1 5
28460 9/23/1994 2 history 1 1 66.95 161.61 77.68 73.78 61.55 86.28 In 4 3
29313 9/13/1994 2 art 0 1 65.56 162.63 86.47 85.19 64.45 79.36 In 5 3
31189 8/21/1994 2 physics 0 1 75.44 205.84 81.19 89.84 68.4 81.66 In 8 12
32437 08/06/1994 2 history 1 0 62.28 128.98 74.59 72.61 63.64 78.86 Out 6 1
32439 08/05/1994 2 history 1 1 65.45 149.18 91.44 96.56 76.42 87.32 Out 8 7
33117 7/28/1994 2 english 1 1 63.27 122.85 87.75 81.48 62.87 80.16 In 5 7
36104 6/23/1994 2 math 0 1 70.74 175.65 76.49 89.04 62.25 67.08 In 1 10
36406 6/18/1994 2 business 1 0 68.21 219.26 82.46 98.48 60.56 78.51 In 4 8
36714 6/16/1994 2 business 0 0 69.93 199.78 95.11 94.66 73.25 77.75 In 6 6
36693 6/14/1994 2 business 1 0 67.65 127.16 80.53 87.96 64.28 81.96 In 5 5
42783 04/03/1994 2 nursing 0 0 61.66 181.77 87.71 91.03 76.42 84.27 In 7 2
42791 04/01/1994 2 history 1 0 63.52 180.09 85.62 82.48 82.4 87.1 In 10 5
49879 01/07/1994 2 sport 0 1 72.09 217.25 72.8 73.18 53.71 72.41 Out 6 4
20402 12/31/1993 2 statistics 0 0 62.46 202.77 74.15 80.96 69.39 75.77 In 9 7
23731 11/20/1993 2 Theater 0 1 72.69 209.32 87.83 84.06 63.32 72.53 In 4 3
30720 8/27/1993 2 english 0 0 64.83 159.95 82.06 78.72 73.13 73.33 In 13 12
35687 6/26/1993 2 zoology 1 0 57.33 108.01 81.74 83.16 46.25 84.22 In 8 7
36336 6/18/1993 2 business 1 0 67.7 123.31 82.15 96.24 67.59 79.11 In 3 4
47912 1/29/1993 2 Communication 0 0 64.31 211.65 88.02 81.46 57.78 80.37 Out 4 4
32712 08/03/1992 2 Chemistry 0 0 67.81 318.87 90.29 78.63 65.35 76.83 In 3 9
48816 1/19/1992 2 Biology 1 0 67.26 182.98 86.89 74.5 66.02 83.58 In 7 5
29757 09/09/1991 2 zoology 0 1 73.19 174.59 78.74 81.77 70.19 75.83 In 3 9
47835 1/29/1991 2 Chemistry 1 0 74.93 162.2 83.79 95.46 67.86 80.03 In 8 4
29103 9/16/1994 3 biotechnology 0 0 78.62 221.55 82.87 83.06 71.03 69.87 In 7 9
20758 12/26/1993 3 business 0 1 64.12 173.01 79.11 83.4 64.08 84.12 In 5 10
22961 11/30/1993 3 art 0 1 69.73 221.92 82.18 81.02 66.15 79.47 Out 11 6
24480 11/11/1993 3 communication 0 1 77.19 207.04 86.69 80.53 63.2 70.74 Out 9 7
26776 10/14/1993 3 communication 1 0 70.5 178.58 79.69 84.04 64.38 80.86 In 5 10
36657 6/15/1993 3 Chemistry 1 0 70.71 169.66 91.91 91.58 67.08 85.88 In 3 9
39033 5/17/1993 3 biology 1 1 67.69 164.02 80.97 70.75 60.08 76.89 Out 7 9
40662 4/29/1993 3 English 0 1 76.12 220.77 81.41 74.4 65.1 76.24 Out 4 4
42216 04/09/1993 3 nursing 0 0 69.66 148.39 87.73 80.76 54.12 71.37 Out 2 4
43255 3/29/1993 3 business 0 0 65.56 186.21 79.12 76.14 72.92 71 In 7 4
20243 01/02/1993 3 spanish 1 0 65.99 128.4 81.96 82.52 64.05 81.58 In 3 7
25866 10/25/1992 3 Geography 1 1 67.29 158.08 77.78 85.61 65.15 76.63 In 5 10
40229 05/04/1992 3 history 0 0 73.37 180.81 84.12 86.28 67.47 78.8 In 6 8
49137 1/17/1992 3 zoology 0 1 65.37 142.54 79.81 66.57 60.05 77.09 In 7 9
35681 6/28/1991 3 art 1 0 60.84 106.97 85.45 82.44 46.14 76.75 In 9 12
48295 1/25/1991 3 biotechnology 1 0 64.87 203.55 84.41 84.5 72.06 91.38 In 3 19
35048 07/05/1990 3 art 1 0 72.68 270.29 91.35 86.26 58.31 77.66 In 3 11
36681 6/18/1990 3 Geography 0 0 61.51 153.93 87.6 85.4 60.27 73.29 In 5 9
42520 04/06/1990 3 sport 0 0 70.79 196.86 85.68 77.2 70.87 69.61 In 3 8
22240 12/09/1991 4 Engineer 1 1 66.35 138.24 86.28 88.13 62.92 90.27 Out 4 13
23659 11/22/1991 4 Math 0 0 69.82 274.67 83.23 84.39 59.27 75.95 Out 3 6
34469 7/14/1991 4 Spanish 0 1 73.28 186.9 87.01 83.46 61.09 79.6 Out 5 14
41762 4/17/1991 4 Engineer 0 1 65.45 176.93 79.18 86.06 63.77 70.28 Out 4 13
43596 3/24/1991 4 Art 0 1 69.57 182.52 70.73 84.95 75.84 76.98 In 7 11
47709 02/03/1991 4 nursing 0 0 84.16 208.06 89.25 87.09 66.9 80.91 In 10 6
42826 04/03/1990 4 business 0 1 66.91 156.65 83.41 86.06 77.26 79.55 In 5 5
44968 03/09/1990 4 psychology 0 0 80.73 225.58 88.62 78.27 68.66 77.58 In 3 10
